# Etat courant de la simulation :
244
	81 253 127
	72 119 103
	87 203 101
	93 113 155
	145 2 289
	90 145 78
	211 181 366
	212 200 400
	78 97 77
	98 101 96
	227 28 109
	41 161 89
	99 25 86
	104 29 106
	141 79 95
	97 120 225
	121 116 133
	90 232 166
	214 159 223
	233 228 73
	226 48 494
	87 170 59
	83 65 65
	229 239 76
	187 205 82
	100 26 149
	60 118 134
	16 252 45
	235 176 391
	165 150 105
	214 20 93
	195 128 68
	205 109 34
	24 238 482
	151 232 35
	38 148 16
	34 80 39
	156 189 270
	47 210 315
	43 118 484
	145 233 30
	29 149 144
	199 55 49
	166 222 121
	165 238 155
	186 243 108
	124 203 126
	12 212 20
	37 168 491
	163 77 154
	10 97 158
	40 117 218
	155 151 436
	12 53 476
	230 91 212
	116 170 146
	205 72 32
	237 65 190
	20 20 248
	76 114 490
	232 208 176
	254 147 120
	224 236 208
	74 237 128
	60 219 125
	74 145 465
	171 131 496
	62 194 447
	145 191 10
	74 100 18
	228 217 479
	100 104 169
	130 5 488
	194 174 468
	235 202 429
	107 223 441
	206 152 422
	225 73 487
	116 126 426
	232 230 462
	117 129 418
	19 31 452
	39 139 444
	43 252 493
	112 95 431
	84 168 182
	168 8 467
	63 34 477
	255 26 469
	92 198 411
	91 44 408
	103 65 410
	200 223 458
	220 252 406
	126 74 414
	78 219 451
	220 30 7
	149 64 398
	41 70 388
	181 89 392
	165 191 421
	237 170 413
	149 146 409
	38 203 492
	29 240 448
	40 125 382
	102 119 370
	239 41 374
	64 247 445
	158 194 412
	91 143 358
	34 116 149
	134 62 393
	231 117 361
	196 3 136
	240 209 372
	99 207 345
	83 185 387
	144 41 389
	73 192 395
	189 172 375
	150 15 380
	105 29 8
	172 168 337
	248 77 331
	83 149 478
	47 98 189
	29 133 335
	115 94 325
	51 98 173
	204 179 44
	167 110 165
	238 200 117
	216 18 40
	222 206 329
	7 234 313
	74 203 193
	159 217 321
	174 24 318
	108 137 320
	224 175 37
	148 87 204
	71 235 309
	148 20 58
	236 98 437
	181 120 343
	154 243 291
	172 247 423
	212 31 378
	95 208 62
	48 12 288
	97 109 46
	221 221 67
	175 217 280
	19 249 1
	55 115 323
	243 201 314
	131 127 296
	146 3 355
	71 238 350
	239 89 50
	221 3 294
	173 183 390
	252 19 142
	54 17 342
	24 22 56
	71 111 433
	135 200 72
	46 89 254
	53 164 251
	137 252 464
	199 121 259
	219 142 249
	109 72 349
	19 213 123
	92 172 258
	190 166 240
	136 136 91
	215 204 233
	96 200 241
	3 165 199
	224 48 228
	167 23 474
	138 16 261
	172 185 219
	247 103 381
	86 192 255
	44 103 242
	9 75 196
	50 184 217
	232 188 473
	63 148 26
	215 236 205
	134 22 203
	59 183 236
	27 46 36
	191 68 213
	111 238 244
	234 110 416
	58 128 415
	38 113 186
	18 12 243
	229 113 439
	126 119 277
	125 205 265
	251 8 245
	114 24 230
	23 43 201
	170 98 434
	153 146 206
	111 125 122
	115 201 188
	31 1 432
	210 173 195
	33 160 273
	229 213 180
	188 40 147
	98 211 115
	219 183 238
	229 101 81
	44 210 161
	15 33 9
	208 145 269
	112 208 33
	189 182 38
	165 110 340
	44 144 333
	180 230 332
	43 144 334
	210 171 344
	108 121 351
	191 235 353
	158 35 297
	133 40 428
	215 14 290
	5 181 284
	199 19 285
	73 62 286
	96 30 281
	119 20 278
	164 99 267
	254 209 253
	226 144 15
	237 4 13

4
	60 115 1500 33 0 0 0 2
		-1.9 28
		2.52873 20
	59.6583 61.8929 1500 70 0 0 1 3
		-2.80155 40
		-0.14721 40
		1.91529 12
	42.0235 29.0325 1500 71 0 1 0 2
		-0.527726 40
		0.56843 20
	55.133 26.8884 1500 72 0 1 0 1
		2.54379 32

0
