#
# Lifeform (33) segment (1) collides with Lifeform (11) segment (2)
#

1
    10. 10. 3

4
    10. 120. 7 11 1 0 0 4
        0.1    28 
        -0.1  28 
        0.1   28 
        -0.1  22

    10. 220. 7 22 1 0 0 4
        0.1    28 
        -0.1  28 
        0.1   28 
        -0.1  22

    75. 65. 7 33 1 0 0 4
        1.54  28 
        1.59  28 
        1.54  28
        1.59  22 
 
    150. 65. 7 44 1 0 0 4
        1.54  28 
        1.59  28 
        1.54  28
        1.59  22 
 
1
    200. 200. 3 5 0 
