#
# Correct file
#

59
    1 1 	499
    2 2 	498
    3 3 	497
    4 4 	496
    5 5 	495
    6 6 	499
    7 7 	498
    8 8 	497
    9 9 	496
    10 10 	495
    11 11 	499
    12 12 	498
    13 13 	497
    14 14 	496
    15 15 	495
    16 16 	499
    17 17 	498
    18 18 	497
    19 19 	496
    20 20 	495
    21 21 	499
    22 22 	498
    23 23 	497
    24 24 	496
    25 25 	495
    26 26 	499
    27 27 	498
    28 28 	497
    29 29 	496
    30 30 	495
    31 31 	499
    32 32 	498
    33 33 	497
    34 34 	496
    35 35 	495
    36 36 	499
    37 37 	498
    38 38 	497
    39 39 	496
    40 40 	495
    41 41 	499
    42 42 	498
    43 43 	497
    44 44 	496
    45 45 	495
    46 46 	499
    47 47 	498
    48 48 	497
    49 49 	496
    50 50 	495
    51 51 	499
    52 52 	498
    53 53 	497
    54 54 	496
    55 55 	495
    56 56 	499
    57 57 	498
    58 58 	497
    59 59 	496
   

0

0

