#
# Correct file
#

59

    101 1 	499
    102 2 	498
    103 3 	497
    104 4 	496
    105 5 	495
    106 6 	499
    107 7 	498
    108 8 	497
    109 9 	496
    110 10 	495
    111 11 	499
    112 12 	498
    113 13 	497
    114 14 	496
    115 15 	495
    116 16 	499
    117 17 	498
    118 18 	497
    119 19 	496
    120 20 	495
    121 21 	499
    122 22 	498
    123 23 	497
    124 24 	496
    125 25 	495
    126 26 	499
    127 27 	498
    128 28 	497
    129 29 	496
    130 30 	495
    131 31 	499
    132 32 	498
    133 33 	497
    134 34 	496
    135 35 	495
    136 36 	499
    137 37 	498
    138 38 	497
    139 39 	496
    140 40 	495
    141 41 	499
    142 42 	498
    143 43 	497
    144 44 	496
    145 45 	495
    146 46 	499
    147 47 	498
    148 48 	497
    149 49 	496
    150 50 	495
    151 51 	499
    152 52 	498
    153 53 	497
    154 54 	496
    155 55 	495
    156 56 	499
    157 57 	498
    158 58 	497
    159 59 	496
   

0

59

    1 1 	499 5 0
    2 2 	498 5 0
    3 3 	497 5 0
    4 4 	496 5 0
    5 5 	495 5 0
    6 6 	499 5 0
    7 7 	498 5 0
    8 8 	497 5 0
    9 9 	496 5 0
    10 10 	495 5 0
    11 11 	499 5 0
    12 12 	498 5 0
    13 13 	497 5 0
    14 14 	496 5 0
    15 15 	495 5 0
    16 16 	499 5 0
    17 17 	498 5 0
    18 18 	497 5 0
    19 19 	496 5 0
    20 20 	495 5 0
    21 21 	499 5 0
    22 22 	498 5 0
    23 23 	497 5 0
    24 24 	496 5 0
    25 25 	495 5 0
    26 26 	499 5 0
    27 27 	498 5 0
    28 28 	497 5 0
    29 29 	496 5 0
    30 30 	495 5 0
    31 31 	499 5 0
    32 32 	498 5 0
    33 33 	497 5 0
    34 34 	496 5 0
    35 35 	495 5 0
    36 36 	499 5 0
    37 37 	498 5 0
    38 38 	497 5 0
    39 39 	496 5 0
    40 40 	495 5 0
    41 41 	499 5 0
    42 42 	498 5 0
    43 43 	497 5 0
    44 44 	496 5 0
    45 45 	495 5 0
    46 46 	499 5 0
    47 47 	498 5 0
    48 48 	497 5 0
    49 49 	496 5 0
    50 50 	495 5 0
    51 51 	499 5 0
    52 52 	498 5 0
    53 53 	497 5 0
    54 54 	496 5 0
    55 55 	495 5 0
    56 56 	499 5 0
    57 57 	498 5 0
    58 58 	497 5 0
    59 59 	496 5 0


