#
# Correct file
#

59

    101 1 	499
    102 2 	498
    103 3 	497
    104 4 	496
    105 5 	495
    106 6 	499
    107 7 	498
    108 8 	497
    109 9 	496
    110 10 	495
    111 11 	499
    112 12 	498
    113 13 	497
    114 14 	496
    115 15 	495
    116 16 	499
    117 17 	498
    118 18 	497
    119 19 	496
    120 20 	495
    121 21 	499
    122 22 	498
    123 23 	497
    124 24 	496
    125 25 	495
    126 26 	499
    127 27 	498
    128 28 	497
    129 29 	496
    130 30 	495
    131 31 	499
    132 32 	498
    133 33 	497
    134 34 	496
    135 35 	495
    136 36 	499
    137 37 	498
    138 38 	497
    139 39 	496
    140 40 	495
    141 41 	499
    142 42 	498
    143 43 	497
    144 44 	496
    145 45 	495
    146 46 	499
    147 47 	498
    148 48 	497
    149 49 	496
    150 50 	495
    151 51 	499
    152 52 	498
    153 53 	497
    154 54 	496
    155 55 	495
    156 56 	499
    157 57 	498
    158 58 	497
    159 59 	496
   

59

    1 11 	1499 1 	1 0 0 1
        1.6 12 
    2 22 	1498 2 	1 0 0 1
         1.6 12 
   3 33 	1497 3 	1 0 0 1
        1.6 12 
    4 44 	1496 4 	1 0 0 1
        1.6 12 
    5 55 	1495 5 	1 0 0 1
        1.6 12 
    6 66 	1499 6 	1 0 0 1
        1.6 12 
    7 77 	1498 7 	1 0 0 1
        1.6 12 
    8 88 	1497 8 	1 0 0 1
        1.6 12 
    9 99 	1496 9 	1 0 0 1
        1.6 12 
    100 10 	1495 10 1 0 0 1
        1.6 12 
    110 11 	1499 11 1 0 0 1
        1.6 12 
    120 12 	1498 12 1 0 0 1
        1.6 12 
    130 13 	1497 13 1 0 0 1
        1.6 12 
    140 14 	1496 14 1 0 0 1
        1.6 12 
    150 15 	1495 15 1 0 0 1
        1.6 12 
    160 16 	1499 16 1 0 0 1
        1.6 12 
    170 17 	1498 17 1 0 0 1
        1.6 12 
    180 18 	1497 18 1 0 0 1
        1.6 12 
    190 19 	1496 19 1 0 0 1
        1.6 12 
    200 20 	1495 20 1 0 0 1
        1.6 12 
    210 21 	1499 21 1 0 0 1
        1.6 12 
    220 22 	1498 22 1 0 0 1
        1.6 12 
    230 23 	1497 23 1 0 0 1
        1.6 12 
    240 24 	1496 24 1 0 0 1
        1.6 12 
    25 125 	1495 25 1 0 0 1
        1.6 12 
    26 126 	1499 26 1 0 0 1
        1.6 12 
    27 127 	1498 27 1 0 0 1
        1.6 12 
    28 128 	1497 28 1 0 0 1
        1.6 12 
    29 129 	1496 29 1 0 0 1
        1.6 12 
    30 130 	1495 30 1 0 0 1
        1.6 12 
    31 131 	1499 31 1 0 0 1
        1.6 12 
    32 132 	1498 32 1 0 0 1
        1.6 12 
    33 133 	1497 33 1 0 0 1
        1.6 12 
    34 134 	1496 34 1 0 0 1
        1.6 12 
    35 135 	1495 35 1 0 0 1
        1.6 12 
    36 136 	1499 36 1 0 0 1
        1.6 12 
    37 137 	1498 37 1 0 0 1
        1.6 12 
    38 138 	1497 38 1 0 0 1
        1.6 12 
    39 139 	1496 39 1 0 0 1
        1.6 12 
    40 140 	1495 40 1 0 0 1
        1.6 12 
    41 141 	1499 41 1 0 0 1
        1.6 12 
    42 142 	1498 42 1 0 0 1
        1.6 12 
    43 143 	1497 43 1 0 0 1
        1.6 12 
    44 144 	1496 44 1 0 0 1
        1.6 12 
    45 145 	1495 45 1 0 0 1
        1.6 12 
    46 146 	1499 46 1 0 0 1
        1.6 12 
    47 147 	1498 47 1 0 0 1
        1.6 12 
    48 148 	1497 48 1 0 0 1
        1.6 12 
    49 149 	1496 49 1 0 0 1
        1.6 12 
    50 150 	1495 50 1 0 0 1
        1.6 12 
    51 151 	1499 51 1 0 0 1
        1.6 12 
    52 152 	1498 52 1 0 0 1
        1.6 12 
    53 153 	1497 53 1 0 0 1
        1.6 12 
    54 154 	1496 54 1 0 0 1
        1.6 12 
    55 155 	1495 55 1 0 0 1
        1.6 12 
    56 156 	1499 56 1 0 0 1
        1.6 12 
    57 157 	1498 57 1 0 0 1
        1.6 12 
    58 158 	1497 58 1 0 0 1
        1.6 12 
    59 159 	1496 59 1 0 0 1
        1.6 12 


59

    1 1 	499 5 0
    2 2 	498 5 0
    3 3 	497 5 0
    4 4 	496 5 0
    5 5 	495 5 0
    6 6 	499 5 0
    7 7 	498 5 0
    8 8 	497 5 0
    9 9 	496 5 0
    10 10 	495 5 0
    11 11 	499 5 0
    12 12 	498 5 0
    13 13 	497 5 0
    14 14 	496 5 0
    15 15 	495 5 0
    16 16 	499 5 0
    17 17 	498 5 0
    18 18 	497 5 0
    19 19 	496 5 0
    20 20 	495 5 0
    21 21 	499 5 0
    22 22 	498 5 0
    23 23 	497 5 0
    24 24 	496 5 0
    25 25 	495 5 0
    26 26 	499 5 0
    27 27 	498 5 0
    28 28 	497 5 0
    29 29 	496 5 0
    30 30 	495 5 0
    31 31 	499 5 0
    32 32 	498 5 0
    33 33 	497 5 0
    34 34 	496 5 0
    35 35 	495 5 0
    36 36 	499 5 0
    37 37 	498 5 0
    38 38 	497 5 0
    39 39 	496 5 0
    40 40 	495 5 0
    41 41 	499 5 0
    42 42 	498 5 0
    43 43 	497 5 0
    44 44 	496 5 0
    45 45 	495 5 0
    46 46 	499 5 0
    47 47 	498 5 0
    48 48 	497 5 0
    49 49 	496 5 0
    50 50 	495 5 0
    51 51 	499 5 0
    52 52 	498 5 0
    53 53 	497 5 0
    54 54 	496 5 0
    55 55 	495 5 0
    56 56 	499 5 0
    57 57 	498 5 0
    58 58 	497 5 0
    59 59 	496 5 0


