#
# correct file
#

4
    10. 10. 3
    100. 100. 3
    200. 200. 3
    210. 210. 3

5
    150. 100. 1000 7 1 0 0 3
        0. 28
        1. 28
        0.5 12 
        
    40. 120. 500 77 1 0 0 4
        1.56 28 
        2.56 28 
        1. 28 
        0.5 12 
        
    160. 180. 200 777 1 0 0 5
        -1.5 28 
        -0.56 28 
        0. 28 
        0.5 28 
        0.9 12 
        
    30. 220. 1300 7777 1 0 0 6
        0. 28 
        -2. 28 
        -1. 28 
        -0.5 28 
       1. 28 
       0. 12

    20. 30. 100 77777 1 0 0 7
        0. 28 
        0.45 28 
        0. 28 
        0.5 28 
        0. 28 
        -0.3 28
        0. 26


4
    200. 200. 1 3 0
    100. 200. 1 4 0
    200. 100. 1 5 0
    100. 100. 1 6 0
