#
# simultaneous reach of targets
#

1020


    10.  10. 1
    18.  10. 1
    26.  10. 1
    34.  10. 1
    42.  10. 1
    50.  10. 1
    58.  10. 1
    66.  10. 1
    74.  10. 1
    82.  10. 1
    90.  10. 1
    98.  10. 1
 
    106.  10. 1
    114.  10. 1
    122.  10. 1
    130.  10. 1
    138.  10. 1
    146.  10. 1
    154.  10. 1
    162.  10. 1
    170.  10. 1
    178.  10. 1
    186.  10. 1
    194.  10. 1
 
    202.  10. 1
    210.  10. 1
    218.  10. 1
    226.  10. 1
    234.  10. 1
    242.  10. 1



    10.  17. 1
    18.  17. 1
    26.  17. 1
    34.  17. 1
    42.  17. 1
    50.  17. 1
    58.  17. 1
    66.  17. 1
    74.  17. 1
    82.  17. 1
    90.  17. 1
    98.  17. 1
 
    106.  17. 1
    114.  17. 1
    122.  17. 1
    130.  17. 1
    138.  17. 1
    146.  17. 1
    154.  17. 1
    162.  17. 1
    170.  17. 1
    178.  17. 1
    186.  17. 1
    194.  17. 1
 
    202.  17. 1
    210.  17. 1
    218.  17. 1
    226.  17. 1
    234.  17. 1
    242.  17. 1



    10.  24. 1
    18.  24. 1
    26.  24. 1
    34.  24. 1
    42.  24. 1
    50.  24. 1
    58.  24. 1
    66.  24. 1
    74.  24. 1
    82.  24. 1
    90.  24. 1
    98.  24. 1
 
    106.  24. 1
    114.  24. 1
    122.  24. 1
    130.  24. 1
    138.  24. 1
    146.  24. 1
    154.  24. 1
    162.  24. 1
    170.  24. 1
    178.  24. 1
    186.  24. 1
    194.  24. 1
 
    202.  24. 1
    210.  24. 1
    218.  24. 1
    226.  24. 1
    234.  24. 1
    242.  24. 1



    10.  31. 1
    18.  31. 1
    26.  31. 1
    34.  31. 1
    42.  31. 1
    50.  31. 1
    58.  31. 1
    66.  31. 1
    74.  31. 1
    82.  31. 1
    90.  31. 1
    98.  31. 1
 
    106.  31. 1
    114.  31. 1
    122.  31. 1
    130.  31. 1
    138.  31. 1
    146.  31. 1
    154.  31. 1
    162.  31. 1
    170.  31. 1
    178.  31. 1
    186.  31. 1
    194.  31. 1
 
    202.  31. 1
    210.  31. 1
    218.  31. 1
    226.  31. 1
    234.  31. 1
    242.  31. 1



    10.  38. 1
    18.  38. 1
    26.  38. 1
    34.  38. 1
    42.  38. 1
    50.  38. 1
    58.  38. 1
    66.  38. 1
    74.  38. 1
    82.  38. 1
    90.  38. 1
    98.  38. 1
 
    106.  38. 1
    114.  38. 1
    122.  38. 1
    130.  38. 1
    138.  38. 1
    146.  38. 1
    154.  38. 1
    162.  38. 1
    170.  38. 1
    178.  38. 1
    186.  38. 1
    194.  38. 1
 
    202.  38. 1
    210.  38. 1
    218.  38. 1
    226.  38. 1
    234.  38. 1
    242.  38. 1



    10.  45. 1
    18.  45. 1
    26.  45. 1
    34.  45. 1
    42.  45. 1
    50.  45. 1
    58.  45. 1
    66.  45. 1
    74.  45. 1
    82.  45. 1
    90.  45. 1
    98.  45. 1
 
    106.  45. 1
    114.  45. 1
    122.  45. 1
    130.  45. 1
    138.  45. 1
    146.  45. 1
    154.  45. 1
    162.  45. 1
    170.  45. 1
    178.  45. 1
    186.  45. 1
    194.  45. 1
 
    202.  45. 1
    210.  45. 1
    218.  45. 1
    226.  45. 1
    234.  45. 1
    242.  45. 1



    10.  52. 1
    18.  52. 1
    26.  52. 1
    34.  52. 1
    42.  52. 1
    50.  52. 1
    58.  52. 1
    66.  52. 1
    74.  52. 1
    82.  52. 1
    90.  52. 1
    98.  52. 1
 
    106.  52. 1
    114.  52. 1
    122.  52. 1
    130.  52. 1
    138.  52. 1
    146.  52. 1
    154.  52. 1
    162.  52. 1
    170.  52. 1
    178.  52. 1
    186.  52. 1
    194.  52. 1
 
    202.  52. 1
    210.  52. 1
    218.  52. 1
    226.  52. 1
    234.  52. 1
    242.  52. 1



    10.  59. 1
    18.  59. 1
    26.  59. 1
    34.  59. 1
    42.  59. 1
    50.  59. 1
    58.  59. 1
    66.  59. 1
    74.  59. 1
    82.  59. 1
    90.  59. 1
    98.  59. 1
 
    106.  59. 1
    114.  59. 1
    122.  59. 1
    130.  59. 1
    138.  59. 1
    146.  59. 1
    154.  59. 1
    162.  59. 1
    170.  59. 1
    178.  59. 1
    186.  59. 1
    194.  59. 1
 
    202.  59. 1
    210.  59. 1
    218.  59. 1
    226.  59. 1
    234.  59. 1
    242.  59. 1



    10.  66. 1
    18.  66. 1
    26.  66. 1
    34.  66. 1
    42.  66. 1
    50.  66. 1
    58.  66. 1
    66.  66. 1
    74.  66. 1
    82.  66. 1
    90.  66. 1
    98.  66. 1
 
    106.  66. 1
    114.  66. 1
    122.  66. 1
    130.  66. 1
    138.  66. 1
    146.  66. 1
    154.  66. 1
    162.  66. 1
    170.  66. 1
    178.  66. 1
    186.  66. 1
    194.  66. 1
 
    202.  66. 1
    210.  66. 1
    218.  66. 1
    226.  66. 1
    234.  66. 1
    242.  66. 1



    10.  73. 1
    18.  73. 1
    26.  73. 1
    34.  73. 1
    42.  73. 1
    50.  73. 1
    58.  73. 1
    66.  73. 1
    74.  73. 1
    82.  73. 1
    90.  73. 1
    98.  73. 1
 
    106.  73. 1
    114.  73. 1
    122.  73. 1
    130.  73. 1
    138.  73. 1
    146.  73. 1
    154.  73. 1
    162.  73. 1
    170.  73. 1
    178.  73. 1
    186.  73. 1
    194.  73. 1
 
    202.  73. 1
    210.  73. 1
    218.  73. 1
    226.  73. 1
    234.  73. 1
    242.  73. 1



    10.  80. 1
    18.  80. 1
    26.  80. 1
    34.  80. 1
    42.  80. 1
    50.  80. 1
    58.  80. 1
    66.  80. 1
    74.  80. 1
    82.  80. 1
    90.  80. 1
    98.  80. 1
 
    106.  80. 1
    114.  80. 1
    122.  80. 1
    130.  80. 1
    138.  80. 1
    146.  80. 1
    154.  80. 1
    162.  80. 1
    170.  80. 1
    178.  80. 1
    186.  80. 1
    194.  80. 1
 
    202.  80. 1
    210.  80. 1
    218.  80. 1
    226.  80. 1
    234.  80. 1
    242.  80. 1



    10.  87. 1
    18.  87. 1
    26.  87. 1
    34.  87. 1
    42.  87. 1
    50.  87. 1
    58.  87. 1
    66.  87. 1
    74.  87. 1
    82.  87. 1
    90.  87. 1
    98.  87. 1
 
    106.  87. 1
    114.  87. 1
    122.  87. 1
    130.  87. 1
    138.  87. 1
    146.  87. 1
    154.  87. 1
    162.  87. 1
    170.  87. 1
    178.  87. 1
    186.  87. 1
    194.  87. 1
 
    202.  87. 1
    210.  87. 1
    218.  87. 1
    226.  87. 1
    234.  87. 1
    242.  87. 1



    10.  94. 1
    18.  94. 1
    26.  94. 1
    34.  94. 1
    42.  94. 1
    50.  94. 1
    58.  94. 1
    66.  94. 1
    74.  94. 1
    82.  94. 1
    90.  94. 1
    98.  94. 1
 
    106.  94. 1
    114.  94. 1
    122.  94. 1
    130.  94. 1
    138.  94. 1
    146.  94. 1
    154.  94. 1
    162.  94. 1
    170.  94. 1
    178.  94. 1
    186.  94. 1
    194.  94. 1
 
    202.  94. 1
    210.  94. 1
    218.  94. 1
    226.  94. 1
    234.  94. 1
    242.  94. 1



    10.  101. 1
    18.  101. 1
    26.  101. 1
    34.  101. 1
    42.  101. 1
    50.  101. 1
    58.  101. 1
    66.  101. 1
    74.  101. 1
    82.  101. 1
    90.  101. 1
    98.  101. 1
 
    106.  101. 1
    114.  101. 1
    122.  101. 1
    130.  101. 1
    138.  101. 1
    146.  101. 1
    154.  101. 1
    162.  101. 1
    170.  101. 1
    178.  101. 1
    186.  101. 1
    194.  101. 1
 
    202.  101. 1
    210.  101. 1
    218.  101. 1
    226.  101. 1
    234.  101. 1
    242.  101. 1



    10.  108. 1
    18.  108. 1
    26.  108. 1
    34.  108. 1
    42.  108. 1
    50.  108. 1
    58.  108. 1
    66.  108. 1
    74.  108. 1
    82.  108. 1
    90.  108. 1
    98.  108. 1
 
    106.  108. 1
    114.  108. 1
    122.  108. 1
    130.  108. 1
    138.  108. 1
    146.  108. 1
    154.  108. 1
    162.  108. 1
    170.  108. 1
    178.  108. 1
    186.  108. 1
    194.  108. 1
 
    202.  108. 1
    210.  108. 1
    218.  108. 1
    226.  108. 1
    234.  108. 1
    242.  108. 1



    10.  115. 1
    18.  115. 1
    26.  115. 1
    34.  115. 1
    42.  115. 1
    50.  115. 1
    58.  115. 1
    66.  115. 1
    74.  115. 1
    82.  115. 1
    90.  115. 1
    98.  115. 1
 
    106.  115. 1
    114.  115. 1
    122.  115. 1
    130.  115. 1
    138.  115. 1
    146.  115. 1
    154.  115. 1
    162.  115. 1
    170.  115. 1
    178.  115. 1
    186.  115. 1
    194.  115. 1
 
    202.  115. 1
    210.  115. 1
    218.  115. 1
    226.  115. 1
    234.  115. 1
    242.  115. 1



    10.  122. 1
    18.  122. 1
    26.  122. 1
    34.  122. 1
    42.  122. 1
    50.  122. 1
    58.  122. 1
    66.  122. 1
    74.  122. 1
    82.  122. 1
    90.  122. 1
    98.  122. 1
 
    106.  122. 1
    114.  122. 1
    122.  122. 1
    130.  122. 1
    138.  122. 1
    146.  122. 1
    154.  122. 1
    162.  122. 1
    170.  122. 1
    178.  122. 1
    186.  122. 1
    194.  122. 1
 
    202.  122. 1
    210.  122. 1
    218.  122. 1
    226.  122. 1
    234.  122. 1
    242.  122. 1



    10.  129. 1
    18.  129. 1
    26.  129. 1
    34.  129. 1
    42.  129. 1
    50.  129. 1
    58.  129. 1
    66.  129. 1
    74.  129. 1
    82.  129. 1
    90.  129. 1
    98.  129. 1
 
    106.  129. 1
    114.  129. 1
    122.  129. 1
    130.  129. 1
    138.  129. 1
    146.  129. 1
    154.  129. 1
    162.  129. 1
    170.  129. 1
    178.  129. 1
    186.  129. 1
    194.  129. 1
 
    202.  129. 1
    210.  129. 1
    218.  129. 1
    226.  129. 1
    234.  129. 1
    242.  129. 1



    10.  136. 1
    18.  136. 1
    26.  136. 1
    34.  136. 1
    42.  136. 1
    50.  136. 1
    58.  136. 1
    66.  136. 1
    74.  136. 1
    82.  136. 1
    90.  136. 1
    98.  136. 1
 
    106.  136. 1
    114.  136. 1
    122.  136. 1
    130.  136. 1
    138.  136. 1
    146.  136. 1
    154.  136. 1
    162.  136. 1
    170.  136. 1
    178.  136. 1
    186.  136. 1
    194.  136. 1
 
    202.  136. 1
    210.  136. 1
    218.  136. 1
    226.  136. 1
    234.  136. 1
    242.  136. 1


    10.  143. 1
    18.  143. 1
    26.  143. 1
    34.  143. 1
    42.  143. 1
    50.  143. 1
    58.  143. 1
    66.  143. 1
    74.  143. 1
    82.  143. 1
    90.  143. 1
    98.  143. 1
 
    106.  143. 1
    114.  143. 1
    122.  143. 1
    130.  143. 1
    138.  143. 1
    146.  143. 1
    154.  143. 1
    162.  143. 1
    170.  143. 1
    178.  143. 1
    186.  143. 1
    194.  143. 1
 
    202.  143. 1
    210.  143. 1
    218.  143. 1
    226.  143. 1
    234.  143. 1
    242.  143. 1


    10.  150. 1
    18.  150. 1
    26.  150. 1
    34.  150. 1
    42.  150. 1
    50.  150. 1
    58.  150. 1
    66.  150. 1
    74.  150. 1
    82.  150. 1
    90.  150. 1
    98.  150. 1
 
    106.  150. 1
    114.  150. 1
    122.  150. 1
    130.  150. 1
    138.  150. 1
    146.  150. 1
    154.  150. 1
    162.  150. 1
    170.  150. 1
    178.  150. 1
    186.  150. 1
    194.  150. 1
 
    202.  150. 1
    210.  150. 1
    218.  150. 1
    226.  150. 1
    234.  150. 1
    242.  150. 1

    10.  157. 1
    18.  157. 1
    26.  157. 1
    34.  157. 1
    42.  157. 1
    50.  157. 1
    58.  157. 1
    66.  157. 1
    74.  157. 1
    82.  157. 1
    90.  157. 1
    98.  157. 1
 
    106.  157. 1
    114.  157. 1
    122.  157. 1
    130.  157. 1
    138.  157. 1
    146.  157. 1
    154.  157. 1
    162.  157. 1
    170.  157. 1
    178.  157. 1
    186.  157. 1
    194.  157. 1
 
    202.  157. 1
    210.  157. 1
    218.  157. 1
    226.  157. 1
    234.  157. 1
    242.  157. 1


    10.  164. 1
    18.  164. 1
    26.  164. 1
    34.  164. 1
    42.  164. 1
    50.  164. 1
    58.  164. 1
    66.  164. 1
    74.  164. 1
    82.  164. 1
    90.  164. 1
    98.  164. 1
 
    106.  164. 1
    114.  164. 1
    122.  164. 1
    130.  164. 1
    138.  164. 1
    146.  164. 1
    154.  164. 1
    162.  164. 1
    170.  164. 1
    178.  164. 1
    186.  164. 1
    194.  164. 1
 
    202.  164. 1
    210.  164. 1
    218.  164. 1
    226.  164. 1
    234.  164. 1
    242.  164. 1

    10.  171. 1
    18.  171. 1
    26.  171. 1
    34.  171. 1
    42.  171. 1
    50.  171. 1
    58.  171. 1
    66.  171. 1
    74.  171. 1
    82.  171. 1
    90.  171. 1
    98.  171. 1
 
    106.  171. 1
    114.  171. 1
    122.  171. 1
    130.  171. 1
    138.  171. 1
    146.  171. 1
    154.  171. 1
    162.  171. 1
    170.  171. 1
    178.  171. 1
    186.  171. 1
    194.  171. 1
 
    202.  171. 1
    210.  171. 1
    218.  171. 1
    226.  171. 1
    234.  171. 1
    242.  171. 1


    10.  178. 1
    18.  178. 1
    26.  178. 1
    34.  178. 1
    42.  178. 1
    50.  178. 1
    58.  178. 1
    66.  178. 1
    74.  178. 1
    82.  178. 1
    90.  178. 1
    98.  178. 1
 
    106.  178. 1
    114.  178. 1
    122.  178. 1
    130.  178. 1
    138.  178. 1
    146.  178. 1
    154.  178. 1
    162.  178. 1
    170.  178. 1
    178.  178. 1
    186.  178. 1
    194.  178. 1
 
    202.  178. 1
    210.  178. 1
    218.  178. 1
    226.  178. 1
    234.  178. 1
    242.  178. 1


    10.  185. 1
    18.  185. 1
    26.  185. 1
    34.  185. 1
    42.  185. 1
    50.  185. 1
    58.  185. 1
    66.  185. 1
    74.  185. 1
    82.  185. 1
    90.  185. 1
    98.  185. 1
 
    106.  185. 1
    114.  185. 1
    122.  185. 1
    130.  185. 1
    138.  185. 1
    146.  185. 1
    154.  185. 1
    162.  185. 1
    170.  185. 1
    178.  185. 1
    186.  185. 1
    194.  185. 1
 
    202.  185. 1
    210.  185. 1
    218.  185. 1
    226.  185. 1
    234.  185. 1
    242.  185. 1


    10.  192. 1
    18.  192. 1
    26.  192. 1
    34.  192. 1
    42.  192. 1
    50.  192. 1
    58.  192. 1
    66.  192. 1
    74.  192. 1
    82.  192. 1
    90.  192. 1
    98.  192. 1
 
    106.  192. 1
    114.  192. 1
    122.  192. 1
    130.  192. 1
    138.  192. 1
    146.  192. 1
    154.  192. 1
    162.  192. 1
    170.  192. 1
    178.  192. 1
    186.  192. 1
    194.  192. 1
 
    202.  192. 1
    210.  192. 1
    218.  192. 1
    226.  192. 1
    234.  192. 1
    242.  192. 1


    10.  199. 1
    18.  199. 1
    26.  199. 1
    34.  199. 1
    42.  199. 1
    50.  199. 1
    58.  199. 1
    66.  199. 1
    74.  199. 1
    82.  199. 1
    90.  199. 1
    98.  199. 1
 
    106.  199. 1
    114.  199. 1
    122.  199. 1
    130.  199. 1
    138.  199. 1
    146.  199. 1
    154.  199. 1
    162.  199. 1
    170.  199. 1
    178.  199. 1
    186.  199. 1
    194.  199. 1
 
    202.  199. 1
    210.  199. 1
    218.  199. 1
    226.  199. 1
    234.  199. 1
    242.  199. 1


    10.  206. 1
    18.  206. 1
    26.  206. 1
    34.  206. 1
    42.  206. 1
    50.  206. 1
    58.  206. 1
    66.  206. 1
    74.  206. 1
    82.  206. 1
    90.  206. 1
    98.  206. 1
 
    106.  206. 1
    114.  206. 1
    122.  206. 1
    130.  206. 1
    138.  206. 1
    146.  206. 1
    154.  206. 1
    162.  206. 1
    170.  206. 1
    178.  206. 1
    186.  206. 1
    194.  206. 1
 
    202.  206. 1
    210.  206. 1
    218.  206. 1
    226.  206. 1
    234.  206. 1
    242.  206. 1


    10.  213. 1
    18.  213. 1
    26.  213. 1
    34.  213. 1
    42.  213. 1
    50.  213. 1
    58.  213. 1
    66.  213. 1
    74.  213. 1
    82.  213. 1
    90.  213. 1
    98.  213. 1
 
    106.  213. 1
    114.  213. 1
    122.  213. 1
    130.  213. 1
    138.  213. 1
    146.  213. 1
    154.  213. 1
    162.  213. 1
    170.  213. 1
    178.  213. 1
    186.  213. 1
    194.  213. 1
 
    202.  213. 1
    210.  213. 1
    218.  213. 1
    226.  213. 1
    234.  213. 1
    242.  213. 1


    10.  220. 1
    18.  220. 1
    26.  220. 1
    34.  220. 1
    42.  220. 1
    50.  220. 1
    58.  220. 1
    66.  220. 1
    74.  220. 1
    82.  220. 1
    90.  220. 1
    98.  220. 1
 
    106.  220. 1
    114.  220. 1
    122.  220. 1
    130.  220. 1
    138.  220. 1
    146.  220. 1
    154.  220. 1
    162.  220. 1
    170.  220. 1
    178.  220. 1
    186.  220. 1
    194.  220. 1
 
    202.  220. 1
    210.  220. 1
    218.  220. 1
    226.  220. 1
    234.  220. 1
    242.  220. 1



    10.  227. 1
    18.  227. 1
    26.  227. 1
    34.  227. 1
    42.  227. 1
    50.  227. 1
    58.  227. 1
    66.  227. 1
    74.  227. 1
    82.  227. 1
    90.  227. 1
    98.  227. 1
 
    106.  227. 1
    114.  227. 1
    122.  227. 1
    130.  227. 1
    138.  227. 1
    146.  227. 1
    154.  227. 1
    162.  227. 1
    170.  227. 1
    178.  227. 1
    186.  227. 1
    194.  227. 1
 
    202.  227. 1
    210.  227. 1
    218.  227. 1
    226.  227. 1
    234.  227. 1
    242.  227. 1

    10.  234. 1
    18.  234. 1
    26.  234. 1
    34.  234. 1
    42.  234. 1
    50.  234. 1
    58.  234. 1
    66.  234. 1
    74.  234. 1
    82.  234. 1
    90.  234. 1
    98.  234. 1
 
    106.  234. 1
    114.  234. 1
    122.  234. 1
    130.  234. 1
    138.  234. 1
    146.  234. 1
    154.  234. 1
    162.  234. 1
    170.  234. 1
    178.  234. 1
    186.  234. 1
    194.  234. 1
 
    202.  234. 1
    210.  234. 1
    218.  234. 1
    226.  234. 1
    234.  234. 1
    242.  234. 1

    10.  241. 1
    18.  241. 1
    26.  241. 1
    34.  241. 1
    42.  241. 1
    50.  241. 1
    58.  241. 1
    66.  241. 1
    74.  241. 1
    82.  241. 1
    90.  241. 1
    98.  241. 1
 
    106.  241. 1
    114.  241. 1
    122.  241. 1
    130.  241. 1
    138.  241. 1
    146.  241. 1
    154.  241. 1
    162.  241. 1
    170.  241. 1
    178.  241. 1
    186.  241. 1
    194.  241. 1
 
    202.  241. 1
    210.  241. 1
    218.  241. 1
    226.  241. 1
    234.  241. 1
    242.  241. 1

 
4
    205. 55. 1000 33 1 0 1 1
        -0.7 12
    205. 205. 1440 34 1 1 1 1
        -1.5 12
    55. 205. 1300 35 1 0 1 1
        0.7 12
    55. 55. 1470 36 1 0 1 1
        -1.5 12

1
	125. 125. 1 3 0
	
